183.7697
24.481085
148.55037
187.33548
-2.1796326
1.9875862
77.796819
-1.440809
-1.2588888
-1.741733
25.633853
59.267311
79.292029
68.105531
-0.99904667
0.091251711
165.2651
149.32803
0.024893814
78.647935
-0.99999547
1.5243612
36.619631
23.296854
0.031574407
70.232047
-1.6894151
-1.1996611
-2.3300189
-2.6716171
57.708157
7.694226
-1.9058563
-1.7491294
0.031574407
190.43004
18.728177
-1.397338
186.19668
66.15344
23.000887
-1.4393089
189.43625
-2.6332818
19.631403
23.344251
-1.5171293
1.0000036
10.947339
47.50301
-0.99999678
-1.4787194
-2.5152575
-2.3238978
-2.1696076
-0.28646949
21.432537
0.091251711
198.4151
0.20379301
-2.7609063
163.94104
-1.5290823
3.2802691
2.9383102
40.545386
58.711422
16.541113
-2.0039958
-1
-2.1164632
-1.1789485
2.9383102
-2.302267
-1.816844
-1.7559349
-1.0606287
-1.0504742
-0.13762975
-1.4948963
48.957179
0.52877984
25.91357
-0.9999964
-0.79281092
5.5379577
-0.80331894
-0.51109823
-2.6785075
-2.0466204
-1.1728162
-3.01968
-3.6950725
-2.10443
1.0000046
-1.0061058
-1.1192103
-1.9234268
163.94104
-1.2255353
0.22999837
-2.0908966
19.71401
-4.2224469
-1.2062623
1.2546839
-0.91757407
66.136119
2.4059622
0.35434435
0.031574407
-1.0732884
