0.952666
-3.9479664
0.86269832
-0.00192853
-3.6932233
-1.0846556
1.4853495
0.82760014
-3.1082774
-0.78252293
-1.3853023
-3.0526972
-0.6065854
-3.9233414
-0.92501979
-0.19466995
2.3068201
-2.1078581
0.44172962
0.53565778
-3.4846373
-1.1844546
-0.75167063
-5.6038625
-0.75361865
-0.6065854
-0.75361865
2.3068201
-2.4986876
0.28511621
-0.98143457
2.3068201
0.23335104
0.19272888
-0.99478802
-1.7529566
-4.3264281
-2.9459834
0.86269832
2.718988
-0.98143457
-3.013215
0.53565778
0.85532825
-3.0526972
1.1149074
-1.4404735
-1.7705042
2.576239
-4.060305
-1.806658
1.2819566
1.4853495
-0.93293796
-0.05443027
-2.4021234
-1.1844546
0.952666
-1.4024406
-1.6619732
1.4946722
0.9646666
-0.92501979
-1.7705042
2.3068201
2.718988
-3.4846373
2.3068201
0.53565778
-0.99478802
-0.71709821
-1.8004766
-1.7705042
-1.1803381
-1.7282858
-0.93293796
2.576239
-3.0670009
-0.5942431
-0.19466995
-1.1844546
2.576239
-3.013215
-3.5985624
-0.5942431
0.46751565
1.0000003
-1.1844546
0.46751565
0.70617755
1.7724427
0.86269832
-5.6038625
-3.1082774
-1.7529566
-3.0526972
0.48931833
-4.3264281
-0.92501979
1.1149074
-0.05443027
-2.1078581
-2.2235652
2.0146647
-1.7282858
-1.4024406
0.28511621
-0.31629414
-0.5942431
-0.33714209
-1.4889037
0.952666
-3.0526972
-1.2054073
-1.7282858
-0.4469578
-0.58246242
2.576239
-0.5942431
-2.222546
0.9646666
-1.2823693
-2.2235652
-3.8044196
-1.32321
-0.95710439
2.3068201
-3.1082774
-0.4469578
-1.3853023
0.69952603
0.9646666
-0.82367265
-2.222546
-2.222546
1.0974461
0.0085099283
-1.1844546
1.0974461
-0.5942431
-0.19466995
-0.2572282
-0.99478802
-1.169095
-1.7705042
0.28511621
1.4946722
0.9646666
0.9646666
-0.99478802
0.28511621
-1.8004766
2.3068201
0.041859938
-3.013215
2.0146647
0.53565778
-0.00192853
1.7867677
-0.05443027
-4.3264281
-0.1795009
2.1818762
-3.9479664
-2.1078581
-0.75361865
-0.97975527
0.9646666
-2.2235652
-2.4806918
-2.1078581
-1.1844546
1.4853495
-3.013215
-5.6038625
-3.4885995
0.46751565
-3.1082774
0.70617755
-1.7282858
-1.806658
-3.0526972
-0.5942431
-2.1078581
-1.3853023
-0.4469578
1.4853495
-4.060305
-0.19466995
-3.0670009
0.49602784
-1.4024406
-2.2235652
-1.32321
-1.7282858
0.28511621
-2.1078581
-3.4846373
-1.7282858
0.86269832
-1.2054073
-1.7705042
-2.222546
-3.013215
-0.4469578
-2.1078581
-1.6619732
0.28511621
-2.5163311
-2.2235652
-1.7529566
-0.19466995
-1.2444273
2.576239
-1.32321
0.9646666
-0.94018197
-0.97975527
-1.169095
-2.9459834
2.576239
0.46751565
0.82760014
-5.6038625
0.952666
-3.5985624
0.041859938
-0.58246242
-0.14562512
-0.92501979
-3.4885995
-1.4024406
-1.1844546
-0.1795009
-1.7529566
2.718988
0.82760014
0.44172962
-3.0526972
-0.6065854
-2.4021234
-3.8044196
2.0146647
-1.1844546
-1.7705042
-3.0670009
2.576239
1.1149074
-1.5940031
-0.19466995
-1.32321
-2.2235652
-0.92501979
-3.0526972
0.44172962
1.0000003
-4.3264281
