0.3425966
-0.61196782
0.081539602
0.67805101
0.81010354
0.80208973
0.94072991
-0.36548092
-0.11477938
0.058862743
0.70308834
-1.1033653
0.57391094
0.25750209
0.98514557
1.1565658
-0.5851759
0.85388171
0.055270115
0.88158251
0.82076591
0.94817515
-4.5475129
0.4321977
0.40734392
1.1472789
-9.0506861
-3.5895182
0.69724644
0.71763512
0.26655079
0.1214066
-4.0794745
-3.3910437
0.79947024
0.10022673
0.64374284
0.60702058
0.69612055
-1.6483796
0.81884186
-0.20352216
0.7868398
-4.944261
1.0101936
0.99126795
-10.137764
0.58037614
0.33389866
1.2161791
0.62834202
0.87199809
-5.4148297
-2.3070095
1.0504965
-0.19284272
-0.080590932
0.75203859
0.98614508
-0.45503207
0.65768844
0.84734774
0.76457936
0.190804
0.97195862
-6.9113262
0.74792728
0.47453617
0.3703762
0.63865928
1.0127861
0.94182168
-0.88540333
-1.0157945
0.71495997
0.77749317
-0.33760004
-1.9787142
0.53691856
-0.77760093
0.45185229
