0.58618151
1.0669773
1.0039318
0.31363943
0.21504726
0.76106609
1.8354031
0.19754963
1.0344287
1.164868
-0.8949113
-1.2137428
1.3461033
-0.2857956
-0.060089204
1.5410784
0.82160549
0.294729
1.0736343
0.81064688
0.92685627
0.90815903
0.70262999
-2.3268566
-0.027498151
0.22258417
-0.92109028
-0.090272636
-1.2969388
1.3137141
-0.84440609
-0.73633682
0.10304277
0.22729339
-0.11263151
0.82774394
0.052133421
0.82491629
-0.92297936
1.1655816
-0.40538533
-1.5834839
-0.6323976
0.42226266
-0.95971379
-3.4694702
0.64233869
1.6055868
1.354806
-1.2372433
1.018395
-0.29366227
0.61543284
-0.683396
0.0784766
-0.011825092
0.78542237
0.67634634
-0.55263671
0.61543284
-0.59190092
1.3784107
-0.60917443
0.99509931
-1.306122
-0.31233539
0.094942082
1.1050588
-0.70989908
0.48437451
-0.46186391
1.2238434
1.059022
1.4003594
-0.19167656
-0.70253637
1.3628843
1.2515978
1.5912494
1.6412741
0.20398052
