0.17750612
1.0386805
-0.41491753
-1.5887232
0.78218393
-0.63462488
-0.54762992
-0.73440966
1.0593238
1.3346199
0.63506064
-0.18553203
-1.1342034
1.9620123
0.3251301
-0.1567516
-2.4872007
-0.15162896
0.12004252
0.53575067
1.1851278
0.075428275
1.2818888
4.5143498
-2.3623727
-1.1342034
-2.3623727
-2.4872007
1.7257482
-2.0973526
-1.3613374
-2.4872007
0.38036988
0.9471608
-0.87204222
1.8276928
0.78999437
1.0000001
-0.41491753
-1.3807012
-1.3613374
-0.99949142
0.53575067
-0.054819213
-0.18553203
-1.7829391
-0.42520549
0.3994669
-3.5231023
0.9152719
1.1360095
-0.092640582
-0.54762992
-1.8532594
1.4392811
-0.43610746
0.075428275
0.17750612
-1.0290312
-1.2421171
-0.44630701
-0.089099745
0.3251301
0.3994669
-2.4872007
-1.3807012
1.1851278
-2.4872007
0.53575067
-0.87204222
0.26427594
0.058644139
0.3994669
-0.78543639
0.11425232
-1.8532594
-3.5231023
-0.53576644
-0.39642051
-0.1567516
0.075428275
-3.5231023
-0.99949142
1.5924147
-0.39642051
-1.2518803
-2.7622686
0.075428275
-1.2518803
-0.3319267
-0.5762629
-0.41491753
4.5143498
1.0593238
1.8276928
-0.18553203
0.032017642
0.78999437
0.3251301
-1.7829391
1.4392811
-0.15162896
-0.23182402
-1.5565084
0.11425232
-1.0290312
-2.0973526
1.6959376
-0.39642051
2.6421668
-0.69740451
0.17750612
-0.18553203
-0.22088282
0.11425232
-0.58213631
-0.39017281
-3.5231023
-0.39642051
-0.66629087
-0.089099745
2.1992817
-0.23182402
1.087318
-1.6523825
1.099909
-2.4872007
1.0593238
-0.58213631
0.63506064
2.2225825
-0.089099745
-0.24533066
-0.66629087
-0.66629087
-1.0102702
-0.40630356
0.075428275
-1.0102702
-0.39642051
-0.1567516
0.52840894
-0.87204222
-1.2057444
0.3994669
-2.0973526
-0.44630701
-0.089099745
-0.089099745
-0.87204222
-2.0973526
0.058644139
-2.4872007
0.11046963
-0.99949142
-1.5565084
0.53575067
-1.5887232
-0.14382133
1.4392811
0.78999437
-0.87326298
-0.66597778
1.0386805
-0.15162896
-2.3623727
0.3083529
-0.089099745
-0.23182402
1.7126934
-0.15162896
0.075428275
-0.54762992
-0.99949142
4.5143498
1.0001173
-1.2518803
1.0593238
-0.3319267
0.11425232
1.1360095
-0.18553203
-0.39642051
-0.15162896
0.63506064
-0.58213631
-0.54762992
0.9152719
-0.1567516
-0.53576644
0.3166959
-1.0290312
-0.23182402
-1.6523825
0.11425232
-2.0973526
-0.15162896
1.1851278
0.11425232
-0.41491753
-0.22088282
0.3994669
-0.66629087
-0.99949142
-0.58213631
-0.15162896
-1.2421171
-2.0973526
0.78430747
-0.23182402
1.8276928
-0.1567516
2.1789674
-3.5231023
-1.6523825
-0.089099745
1.0000001
0.3083529
-1.2057444
1.0000001
-3.5231023
-1.2518803
-0.73440966
4.5143498
0.17750612
1.5924147
0.11046963
-0.39017281
-0.59933067
0.3251301
1.0001173
-1.0290312
0.075428275
-0.87326298
1.8276928
-1.3807012
-0.73440966
0.12004252
-0.18553203
-1.1342034
-0.43610746
1.087318
-1.5565084
0.075428275
0.3994669
-0.53576644
-3.5231023
-1.7829391
1.3842415
-0.1567516
-1.6523825
-0.23182402
0.3251301
-0.18553203
0.12004252
-2.7622686
0.78999437
