-0.37266036
-1.7868441
-0.95330438
4.1666564
0.091487978
4.5232711
-1.8529503
-1.0408232
1.0000001
1.6431902
4.551395
1.0687124
-1.4036541
4.2523961
3.7135
0.3568522
-3.6902202
2.3517139
0.59475331
1.2380555
0.18175465
2.2735005
1.9785571
7.341489
2.296842
-1.4036541
2.296842
-3.6902202
1.8893788
-2.2052223
0.99601692
-3.6902202
-0.27556861
3.1526898
-0.6283129
2.6745581
-0.47231261
1.2827404
-0.95330438
-3.1542813
0.99601692
2.0890553
1.2380555
0.036417256
1.0687124
-2.5062315
1.8732659
5.4583317
-4.3591648
-1.7671762
2.2085283
-0.82005797
-1.8529503
1.5455964
1.5967255
0.70659818
2.2735005
-0.37266036
0.048136812
0.98454361
-0.61426034
0.41909218
3.7135
5.4583317
-3.6902202
-3.1542813
0.18175465
-3.6902202
1.2380555
-0.6283129
4.0945712
2.4701205
5.4583317
2.6788856
3.7883681
1.5455964
-4.3591648
1.3588462
4.1970541
0.3568522
2.2735005
-4.3591648
2.0890553
-0.67901245
4.1970541
-1.6183311
-3.3764613
2.2735005
-1.6183311
-0.49045747
-0.99999951
-0.95330438
7.341489
1.0000001
2.6745581
1.0687124
0.85307278
-0.47231261
3.7135
-2.5062315
1.5967255
2.3517139
1.8568473
6.20021
3.7883681
0.048136812
-2.2052223
8.8451571
4.1970541
3.026737
0.74800909
-0.37266036
1.0687124
1.7150308
3.7883681
1.4562413
3.7275043
-4.3591648
4.1970541
-0.13042402
0.41909218
3.1787994
1.8568473
-0.82027952
0.65999533
2.3604934
-3.6902202
1.0000001
1.4562413
4.551395
2.9209218
0.41909218
0.85915712
-0.13042402
-0.13042402
-1.442105
-0.84285203
2.2735005
-1.442105
4.1970541
0.3568522
1.8837103
-0.6283129
0.1816454
5.4583317
-2.2052223
-0.61426034
0.41909218
0.41909218
-0.6283129
-2.2052223
2.4701205
-3.6902202
0.6345552
2.0890553
6.20021
1.2380555
4.1666564
-0.57957015
1.5967255
-0.47231261
-0.66877264
-1.3579609
-1.7868441
2.3517139
2.296842
3.5797887
0.41909218
1.8568473
1.8905985
2.3517139
2.2735005
-1.8529503
2.0890553
7.341489
-0.17224126
-1.6183311
1.0000001
-0.49045747
3.7883681
2.2085283
1.0687124
4.1970541
2.3517139
4.551395
1.4562413
-1.8529503
-1.7671762
0.3568522
1.3588462
4.8991232
0.048136812
1.8568473
0.65999533
3.7883681
-2.2052223
2.3517139
0.18175465
3.7883681
-0.95330438
1.7150308
5.4583317
-0.13042402
2.0890553
1.4562413
2.3517139
0.98454361
-2.2052223
1.927971
1.8568473
2.6745581
0.3568522
2.480482
-4.3591648
0.65999533
0.41909218
6.3519621
3.5797887
0.1816454
1.2827404
-4.3591648
-1.6183311
-1.0408232
7.341489
-0.37266036
-0.67901245
0.6345552
3.7275043
-0.30442013
3.7135
-0.17224126
0.048136812
2.2735005
-0.66877264
2.6745581
-3.1542813
-1.0408232
0.59475331
1.0687124
-1.4036541
0.70659818
-0.82027952
6.20021
2.2735005
5.4583317
1.3588462
-4.3591648
-2.5062315
1.7845742
0.3568522
0.65999533
1.8568473
3.7135
1.0687124
0.59475331
-3.3764613
-0.47231261
